# This file may be used to create an environment using:
# $ conda create --name <env> --file <this file>
# platform: osx-arm64
gunicorn
uvicorn
dj-database-url
whitenoise
aiohttp=3.9.0=py38h80987f9_0
aiosignal=1.2.0=pyhd3eb1b0_0
anyio=3.5.0=py38hca03da5_0
asgiref=3.7.2=pypi_0
async-timeout=4.0.3=py38hca03da5_0
attrs=23.1.0=py38hca03da5_0
backports=1.1=pyhd3eb1b0_0
backports.zoneinfo=0.2.1=py38h1a28f6b_0
blas=1.0=openblas
blinker=1.6.2=py38hca03da5_0
bottleneck=1.3.5=py38heec5a64_0
brotli-python=1.0.9=py38hc377ac9_7
ca-certificates=2023.12.12=hca03da5_0
cachetools=4.2.2=pyhd3eb1b0_0
certifi=2023.11.17=py38hca03da5_0
cffi=1.16.0=py38h80987f9_0
channels=4.0.0=pypi_0
channels-redis=4.2.0=pypi_0
charset-normalizer=2.0.4=pyhd3eb1b0_0
click=8.1.7=py38hca03da5_0
cryptography=41.0.7=py38hd4332d6_0
diskcache=5.6.3=pypi_0
distro=1.8.0=py38hca03da5_0
django=4.1=py38hca03da5_0
django-cors-headers=4.3.1=pyhd8ed1ab_0
djangorestframework=3.14.0=pyhd8ed1ab_0
flaml=2.1.1=pypi_0
freetype=2.12.1=h1192e45_0
frozenlist=1.4.0=py38h80987f9_0
giflib=5.2.1=h80987f9_3
google-api-core=2.10.1=py38hca03da5_0
google-api-python-client=2.111.0=pyhd8ed1ab_0
google-auth=2.22.0=py38hca03da5_0
google-auth-httplib2=0.2.0=pyhd8ed1ab_0
google-auth-oauthlib=0.5.2=py38hca03da5_0
googleapis-common-protos=1.56.4=py38hca03da5_0
h11=0.12.0=pyhd3eb1b0_0
h2=4.0.0=py38hca03da5_3
hpack=4.0.0=py_0
httpcore=0.15.0=py38hca03da5_0
httplib2=0.22.0=pyhd8ed1ab_0
httptools=0.6.1=pypi_0
httpx=0.23.0=py38hca03da5_0
hyperframe=6.0.1=pyhd3eb1b0_0
idna=3.4=py38hca03da5_0
joblib=1.4.2=pypi_0
jpeg=9e=h80987f9_1
jsonfield=3.1.0=py_0
krb5=1.20.1=hf3e1bf2_1
lcms2=2.12=hba8e193_0
lerc=3.0=hc377ac9_0
libcxx=14.0.6=h848a8c0_0
libdeflate=1.17=h80987f9_1
libedit=3.1.20230828=h80987f9_0
libffi=3.4.4=hca03da5_0
libgfortran=5.0.0=11_3_0_hca03da5_28
libgfortran5=11.3.0=h009349e_28
libopenblas=0.3.21=h269037a_0
libpng=1.6.39=h80987f9_0
libpq=12.15=h02f6b3c_1
libprotobuf=3.20.3=h514c7bf_0
libtiff=4.5.1=h313beb8_0
libwebp=1.3.2=ha3663a8_0
libwebp-base=1.3.2=h80987f9_0
llvm-openmp=14.0.6=hc6e5704_0
lz4-c=1.9.4=h313beb8_0
msgpack=1.0.8=pypi_0
multidict=6.0.4=py38h80987f9_0
mysql-connector-python=8.4.0=pypi_0
ncurses=6.4=h313beb8_0
numexpr=2.8.4=py38h79ee842_1
numpy=1.24.3=py38h1398885_0
numpy-base=1.24.3=py38h90707a3_0
oauthlib=3.2.2=py38hca03da5_0
openai=1.3.6=py38hca03da5_0
openjpeg=2.3.0=h7a6adac_2
openssl=3.0.12=h1a28f6b_0
pandas=2.0.3=py38h46d7db6_0
pandas-stubs=1.5.3.230203=py38hca03da5_0
pillow=10.0.1=py38h3b245a6_0
pip=23.3.1=py38hca03da5_0
protobuf=3.20.3=py38h313beb8_0
psycopg2=2.9.3=py38h80987f9_1
pyasn1=0.4.8=pyhd3eb1b0_0
pyasn1-modules=0.2.8=py_0
ag2=0.2.2=pypi_0
pycparser=2.21=pyhd3eb1b0_0
pydantic=1.10.12=py38h80987f9_1
pyjwt=2.4.0=py38hca03da5_0
pyopenssl=23.2.0=py38hca03da5_0
pyparsing=3.0.9=py38hca03da5_0
pysocks=1.7.1=py38hca03da5_0
python=3.8.18=hb885b13_0
python-dateutil=2.8.2=pyhd3eb1b0_0
python-dotenv=1.0.0=pypi_0
python-tzdata=2023.3=pyhd3eb1b0_0
pytz=2023.3.post1=py38hca03da5_0
pyyaml=6.0.1=pypi_0
readline=8.2=h1a28f6b_0
redis=5.0.6=pypi_0
regex=2023.12.25=pypi_0
requests=2.31.0=py38hca03da5_0
requests-oauthlib=1.3.0=py_0
rfc3986=1.4.0=pyhd3eb1b0_0
rsa=4.7.2=pyhd3eb1b0_1
scikit-learn=1.3.2=pypi_0
scipy=1.10.1=pypi_0
setuptools=68.2.2=py38hca03da5_0
six=1.16.0=pyhd3eb1b0_1
sniffio=1.2.0=py38hca03da5_1
sqlite=3.41.2=h80987f9_0
sqlparse=0.4.4=py38hca03da5_0
termcolor=2.4.0=pypi_0
threadpoolctl=3.5.0=pypi_0
tiktoken=0.5.2=pypi_0
tk=8.6.12=hb8d0fd4_0
tqdm=4.65.0=py38h86d0a89_0
types-pytz=2022.4.0.0=py38hca03da5_1
typing-extensions=4.7.1=py38hca03da5_0
typing_extensions=4.7.1=py38hca03da5_0
tzdata=2023c=h04d1e81_0
uritemplate=4.1.1=pyhd8ed1ab_0
urllib3=1.26.18=py38hca03da5_0
uvicorn=0.30.1=pypi_0
uvloop=0.19.0=pypi_0
watchfiles=0.22.0=pypi_0
websockets=12.0=pypi_0
wheel=0.41.2=py38hca03da5_0
xz=5.4.5=h80987f9_0
yarl=1.9.3=py38h80987f9_0
zlib=1.2.13=h5a0b063_0
zstd=1.5.5=hd90d995_0
